2935 5518.601562 5543.542969
3983 9119.755859 2332.44165
5212 3045.43335 5880.145508
2420 4707.080078 5862.3125
4714 4948.033691 6535.146484
156 6808.212891 3490.117432
1381 4474.61084 4238.371094
243 5384.974121 3533.214355
5605 3038.645996 6143.929199
5787 6557.078125 4488.408203
3422 5307.767578 7358.44873
3415 5681.5 7935.428711
4213 9019.216797 4501.411621
1256 4827.980957 4778.941895
193 6988.928223 3320.329834
6017 3520.553223 1806.732056
3900 5661.137695 2596.968262
6033 2982.225342 1603.878784
1135 4067.365234 2551.64209
1228 4863.190918 4663.397461
3074 6529.080078 6158.047363
5183 3440.801025 5393.446289
5801 7047.04541 3758.359375
1005 5398.973633 6404.740723
5272 2283.968994 6062.193359
4082 4430.492676 178.332596
3091 6595.257324 5773.88916
3944 6180.375977 2170.827881
382 7046.621094 6841.655762
3928 6625.800781 2462.47583
2356 7481.864746 2548.29834
2611 2436.261719 5169.416016
4581 5396.428223 8818.174805
1872 4799.558594 8282.0625
4361 5852.03418 9705.750977
3491 7809.358398 3571.110107
4763 3415.348145 7490.340332
4757 3510.796143 7218.383301
5764 6137.530273 1279.536377
4474 5861.791016 8748.328125
3411 5684.04541 7891.959961
77 1455.47876 4663.397461
402 7864.505859 6337.123047
2864 6955.839355 9236.513672
5560 3134.518311 6986.550781
350 5068.93457 3553.276855
3273 8323.929688 5019.690918
1478 3654.604736 3743.498291
6100 3513.341553 1093.773193
3317 6271.582031 5704.041992
4428 5167.352539 9651.508789
3312 5611.080566 6298.484375
2571 2541.467041 4839.500488
5569 970.60199 6705.305176
300 5570.355957 3650.988281
3187 5818.097168 6605.736328
5355 829.762878 6336.008301
4133 4301.53125 0.0
5324 1631.527588 5827.017578
2612 1543.291016 3878.733887
2671 2179.612305 3575.568359
189 6626.648926 4099.048828
5650 3114.156006 7259.994141
3717 6070.080078 4241.714844
4660 4841.556152 8878.733398
5549 2484.197998 5908.010254
3171 5953.845703 6472.358398
309 4978.152832 3289.121826
4004 4913.248047 802.496643
5434 2255.122314 6892.554688
602 4532.728027 3622.752197
1271 4925.550293 4764.452148
4943 4678.233398 5331.029785
5956 1400.330933 5183.53418
1071 3692.359863 2993.386719
5165 2815.084961 5899.464844
1087 3711.025391 3157.601318
1653 5021.422852 5267.870605
552 5031.179688 1855.401978
3232 7908.624512 5312.453613
2255 3789.504883 1082.998901
5461 2803.631348 5120.374512
716 3628.303467 5009.288086
4579 5200.01709 8745.727539
1380 4034.276611 4017.313232
5109 2951.682129 5446.574707
4915 6502.354492 4893.000488
5513 3851.016113 6422.57373
2203 3957.06958 1779.610596
5265 1995.079102 5495.244629
233 6536.71582 4267.72168
4631 4731.68457 8385.71875
4308 4750.350098 2458.760498
692 3956.221191 3329.618164
3955 6055.23291 1998.439575
3707 5889.364746 3717.491455
180 6806.939941 3384.232422
4485 4447.885254 9249.888672
591 5393.882812 2722.915771
5438 1747.762329 6986.922363
3282 8254.358398 4637.390625
5779 6038.26416 1443.750977
5620 3766.597412 5658.344238
33 2142.705566 3464.853516
3741 6218.555176 4332.367188
3819 6384.847168 3279.833496
1849 4885.674316 7462.847168
5717 3693.208252 5777.976074
5286 2113.859131 5413.137207
2012 4870.402344 8939.292969
5505 3814.533691 6527.344238
771 3618.546631 5344.404785
4336 5232.257324 3247.882324
4805 3459.890625 6826.05127
1733 4542.061035 5478.154297
3457 7376.235352 3494.204102
1556 4388.071289 6584.930664
3301 8364.654297 4396.641602
508 5267.042969 1814.162598
5585 3274.933105 6240.154785
3540 6865.905762 2604.770508
32 1865.269531 2243.275391
950 5144.020508 6547.406738
2548 2003.563354 4845.816406
1138 3888.770996 2380.73999
1940 4868.281738 8358.225586
2817 6898.570312 9118.740234
4183 8715.479492 5534.997559
4001 5421.880859 1042.502563
4552 5476.604492 8671.421875
2664 2496.075928 3496.804932
3792 6487.08252 4614.727539
1749 4232.808594 5559.518555
3850 6011.962891 3476.37085
501 5289.526367 1766.607178
2741 6478.174316 9038.861328
5033 2947.864014 6205.230957
3683 6261.400879 1265.789917
4727 4112.332031 7165.626465
2422 4837.313965 5697.726074
2460 5273.830078 5685.837402
2737 6726.339355 8735.696289
734 3583.336914 5220.314941
2069 5215.712891 3973.473145
1186 4684.59668 4563.828125
4280 4691.808594 2713.256104
1415 3528.188965 4494.353027
4294 4669.749512 3185.094482
2158 3996.097168 1598.305786
1446 2953.378906 3645.043945
3466 7344.419434 3292.465332
4313 4754.167969 2592.51001
1489 3775.505859 3733.838623
460 6672.040039 7004.383789
3209 6924.871582 5173.50293
2277 8157.213867 2601.426758
1076 3644.423584 3058.032471
2314 7704.152832 2908.307373
2427 4913.672363 5641.625977
5295 2001.442383 5319.141113
4489 4415.64502 9282.583008
449 7397.446289 7742.978027
136 6794.637695 3590.801025
370 7529.80127 7319.438477
1994 5103.720215 8865.730469
4785 3240.996094 7480.680664
2936 5527.93457 5527.567383
1142 3902.345947 2366.62207
6099 3474.738037 1121.266113
445 7191.27832 6737.999512
2002 5278.072266 8155.743652
4918 6539.685059 4846.931152
5649 3110.338135 7199.435059
4513 5729.012207 8749.071289
2768 6278.369141 6958.686523
641 4343.104492 3118.591064
5572 3179.060791 6353.470215
5040 2728.121094 6660.350586
5031 2272.515137 6418.487305
4481 4643.023926 8950.066406
1644 4730.835938 5317.654785
1843 4653.629395 8296.551758
380 7993.467285 7213.181641
4102 4797.013672 209.169266
6043 3061.977783 1715.70813
28 1920.841675 2531.951172
5159 2549.951172 5513.077637
2934 5663.258789 5679.521484
544 5045.603027 1876.950562
2982 5649.259766 5943.305176
3218 7405.930664 5260.068359
5065 2786.662598 6654.777832
4075 5199.168457 158.641693
2028 4726.59375 8949.695312
4961 4996.394043 4771.51123
53 2076.104004 2526.006836
3092 6577.016113 6298.484375
5700 3109.489746 5952.964844
5413 2224.154785 6746.916504
4250 5232.257324 2644.523682
5500 3779.32373 6590.503906
5536 3921.435547 6424.060059
2960 5753.616211 5487.070801
1205 4841.556152 4529.647949
3199 6567.683594 5674.320312
2920 7810.206543 8165.774902
3657 6392.058594 1531.431152
1643 4457.64209 4902.660156
663 4914.520996 3401.694092
3816 6082.806641 3299.895996
1066 6245.70459 6631.371582
960 5216.561523 6396.566895
372 7621.007324 6574.156738
4415 6061.595703 9196.017578
4866 5405.760742 5338.832031
5594 3237.602295 6206.345703
6042 3040.76709 1546.292114
5000 2835.447266 6200.029785
5232 2048.954346 5873.458008
959 5158.868164 6773.294922
1753 4344.80127 5724.104492
494 5396.428223 1653.663208
3036 6086.624512 5886.461426
3992 5001.484863 1075.568481
5822 5344.25 4761.108398
1895 5064.692871 8144.226562
4359 6049.717773 9725.813477
3790 6476.053223 4609.897461
469 8358.291016 5427.626465
79 1161.498291 4833.556152
5955 1498.748535 5357.036621
744 3883.256348 5137.464844
5866 4195.901855 2263.709229
6030 3155.304688 1624.684204
3807 6214.737305 3202.18457
5877 3818.775635 2250.334473
5666 1437.661743 6054.02002
1673 4517.032227 5241.86377
3565 6615.619629 2544.21167
1263 4839.435059 4803.833984
624 4287.10791 3146.084229
1482 3542.187988 3660.647949
2441 5020.574219 5560.633301
4128 4668.900879 1705.67688
5021 2768.845703 6563.753906
2210 3814.109375 1396.195557
2783 6688.584473 8926.289062
2089 5148.687012 3941.521729
4620 5601.32373 9192.301758
1188 4714.291992 4528.533203
83 1116.955811 5016.71875
266 5458.787598 3526.898438
3181 6098.502441 6845.742188
5157 2580.070312 5799.152832
361 7699.0625 6947.168945
124 8242.905273 3871.674805
4217 8395.198242 4642.963379
132 6672.040039 3874.646973
2279 8405.378906 2802.422363
1900 5171.17041 7812.082031
5538 2544.436523 6875.092773
1919 5132.566895 8601.947266
1583 5032.452148 4968.048828
3613 6576.591797 1670.753418
2087 5034.573242 3994.278564
3214 7434.353027 5404.220703
2250 3632.121582 1128.696655
1861 4472.489746 8515.380859
3511 6764.094727 3024.966553
5081 2941.925049 6539.976074
4533 5638.22998 8663.991211
3223 7726.212402 5326.942871
4657 4718.533691 8942.636719
1021 5339.15918 6925.992188
2924 6906.630371 6772.92334
3804 6027.234375 4707.608887
3375 5883.425781 7665.700684
817 3395.409912 5353.692871
5922 1801.637451 5313.939453
2773 6559.623535 9164.808594
1243 4386.374023 4623.644043
2827 8658.634766 7434.98291
299 5832.52002 3520.210938
5803 7041.106445 3815.574463
2043 5146.565918 4267.72168
2513 2409.112061 4297.81543
6 1316.336426 2999.331299
3514 6917.23584 2870.040039
4274 4904.339844 3044.285889
4873 5471.938477 5192.450684
704 4407.160645 3959.35498
2835 8420.650391 7815.797363
3460 7366.054199 3532.099854
837 3529.037354 5838.534668
5859 3879.438232 3398.721924
1181 3808.17041 2259.994141
4603 5724.345703 8882.077148
3233 7919.653809 5313.196777
4960 4982.39502 5308.366699
983 5231.408691 6863.575684
4028 4517.032227 490.414612
2434 4970.941406 5581.438477
4520 5754.040527 8671.050781
3701 5966.571777 3671.422119
6016 3314.38501 1740.971924
893 3344.080078 5922.12793
1713 3960.887451 4804.205566
3577 7003.351074 2309.406982
1376 4024.095459 4615.841797
4534 5542.35791 8642.071289
900 4381.283691 6474.587402
3997 5360.370117 1047.332397
2386 4919.187012 6109.377441
4726 4125.482422 7148.536133
853 4280.320801 6424.431641
2722 6581.258301 8808.515625
1706 4452.551758 5167.558105
5458 2809.570312 5146.75293
5862 3862.894043 3558.478271
620 4556.060059 3768.390625
4946 4480.125488 5908.381836
3330 6611.801758 6767.350098
1987 4920.459961 8954.15332
96 2202.944092 4021.771484
4997 2447.291504 6374.646973
290 5264.921875 3779.907959
1286 4656.598633 4208.277832
6003 3409.40918 2027.047119
3373 5970.389648 7523.40625
4152 8647.180664 6393.966309
1894 4422.008301 8642.071289
2165 3976.15918 1332.664551
1902 4405.888184 8648.015625
295 5514.783691 3690.741455
571 4771.560547 1500.594482
1554 4051.245117 6807.475098
5681 3390.319336 6589.38916
5114 2917.320557 5388.245117
4780 3531.158447 7007.727539
4038 5254.316406 354.436035
2327 7724.091309 2451.330078
1880 4167.055664 8386.089844
2498 5340.855957 5408.307129
4486 4441.946289 9249.888672
923 4190.811523 6545.177734
670 4913.248047 3549.561523
5257 1913.205811 5687.694824
5 722.436707 3467.454346
2366 7338.056152 2709.912354
4367 5641.624023 9848.045898
5878 3817.503174 2201.664551
74 2407.415283 4020.2854
458 6696.644531 6986.550781
1393 3623.212891 4383.266602
1090 3600.30542 2786.446777
2405 5068.510742 5897.979004
4838 4688.838867 7220.240723
4676 5124.506836 7168.970215
4260 5297.162109 2612.57251
2280 8088.491211 2872.269287
3391 6046.324219 8085.525391
793 3789.504883 5279.759277
5714 1249.310669 7312.007812
2349 7366.902832 2865.210205
1464 2993.679199 3927.032227
1317 4033.003906 4373.235352
2288 8335.807617 2982.612549
4981 2620.37085 6329.320801
475 6490.052246 532.397095
5554 2330.632568 5877.544922
1589 4676.960938 5081.73584
4634 5307.767578 8002.303223
37 910.363525 4476.519531
3909 5597.505859 2708.054688
5915 3803.503906 3144.226562
1488 3493.403564 3667.335449
5436 1214.10083 5540.570801
4843 5026.513184 8818.546875
4797 3408.560547 7079.432129
1229 4736.351074 4350.572266
4869 5497.81543 5156.78418
2168 4290.077637 1746.916382
2244 4384.677246 894.263611
221 6928.265625 3314.013916
3811 6157.043945 3108.560059
4764 3614.304443 7313.493652
696 4237.475098 2907.935791
5198 3260.51001 5234.061523
5946 2157.977295 5160.871094
2676 1676.070068 3710.432373
3528 6703.855957 2728.488525
2021 5356.12793 8298.78125
3542 6623.255371 2892.703125
1821 4630.72168 7742.234863
3601 6723.370117 1581.215576
6028 3154.880615 1635.829956
6056 3339.837891 1423.317017
4790 3208.331543 7282.285645
1927 4915.793457 8475.256836
4142 4972.638184 1250.185791
425 6750.519531 6608.708496
5323 2010.35083 5218.45752
4286 4716.836914 3101.872559
4553 5521.146973 8529.499023
2406 4779.196777 5799.895996
2514 2675.518555 4499.182617
3901 6501.930176 2742.978271
2706 6338.60791 8179.149902
3170 6052.263184 6737.256836
1143 4053.366211 2768.985107
613 4205.234863 3457.051514
2004 4396.131348 8738.296875
5222 2160.098389 5849.309082
4424 6036.143066 9159.236328
2840 7254.062012 8225.21875
4461 5841.428711 9021.400391
5022 2642.854004 6072.224609
3631 6529.928223 1449.695312
4643 5543.206055 8082.181641
6058 3339.837891 1409.198975
2850 7289.271484 9150.691406
1294 4707.080078 4828.35498
2419 4969.244629 5730.42041
5473 3902.345947 6761.777344
5874 3836.592773 2239.931641
4493 4616.722656 9307.84668
2962 5395.57959 5413.508789
2468 5106.689941 5989.746094
393 6741.187012 6674.46875
3682 6193.950684 1838.311768
3369 6021.719727 7722.915527
3014 5491.876465 5406.449707
1399 4566.665039 4221.652344
4755 3509.523682 7229.900391
786 3624.909912 5394.189453
1265 4891.613281 4786.000977
1322 4186.14502 4097.191406
1160 3853.985596 2329.0979
4220 8950.070312 4411.130859
1761 4472.06543 5739.708496
1230 4379.162598 4577.946289
437 8273.873047 7054.540039
5054 2846.052734 6316.317383
600 4408.433594 3582.255859
4291 4827.557129 2723.287354
377 7674.882324 6620.96875
3654 6877.783691 1315.202881
648 4754.167969 3619.408447
3280 8215.331055 4640.734375
3791 6106.5625 4521.102539
2888 6834.089844 9332.739258
2584 1545.412109 4055.951904
2661 2475.713623 3524.297852
5865 3166.758545 2819.884033
1635 4779.620605 5317.654785
95 1107.623169 4766.681641
3269 7954.86377 4629.216797
4947 4405.888184 5854.510254
5069 2456.199951 6029.127441
6073 3372.926758 1227.151123
2557 2161.371094 4887.056152
3489 7755.48291 3148.684814
1883 4459.338867 7446.5
2492 5321.342285 5779.090332
978 5400.246094 6618.739746
5520 3666.48291 6365.358887
4966 5174.988281 4701.664551
864 3840.410645 5955.56543
2535 2178.763916 4441.596191
4648 5486.785645 8181.378906
814 3201.119873 5131.520508
5195 2847.325439 5347.005371
1586 4721.927734 5095.11084
5851 4306.197754 3700.772705
9 1662.919434 3148.684814
5659 4099.181152 5991.603516
2257 3668.179688 1694.159668
3637 6520.171387 1491.306274
1372 3728.418213 4392.92627
4653 5410.851562 8221.503906
3645 6502.354492 1510.25415
4667 4507.699707 8811.859375
4839 4679.506348 7236.587891
2993 6035.294434 5727.819824
4865 5326.856934 5336.974121
4111 4805.07373 270.4711
5247 1916.599487 5772.402832
114 1227.675781 4924.208496
1835 4665.507324 7523.034668
5125 2581.343018 5671.347656
4162 8770.203125 6090.058105
5234 2116.828613 5934.01709
2975 5664.53125 5891.291504
4654 4771.984863 8914.400391
899 3612.18335 5679.521484
2607 1626.861206 5208.42627
4551 5574.598145 8701.515625
2052 5342.977051 4305.617676
4857 5840.580566 9168.152344