221 4943.367188 3506.4646
63 5570.355957 3650.988281
6 5384.974121 3533.214355
453 4761.379395 2610.343262
386 5167.352539 2702.110352
29 5458.787598 3526.898438
24 5307.343262 3657.304199
467 4597.208496 2372.937988
459 4830.102051 2560.558838
210 4475.458984 3830.063965
413 4904.339844 3044.285889
164 4690.535645 3569.252441
455 4667.204102 2372.937988
333 5759.555664 2617.030762
26 5227.166504 3486.030518
159 4556.060059 3768.390625
292 5594.111816 3920.344727
180 4214.991699 3189.924316
79 5074.874023 3487.145264
106 5436.728516 2924.282959
383 5216.561523 2708.054688
44 5276.799805 3733.095459
114 5410.00293 3847.154053
390 5144.444824 2699.137939
338 5540.236816 2561.301758
491 4453.824219 3703.001953
30 5244.983887 3513.1521
234 4259.109863 2904.220459
103 5092.690918 3536.929688
448 4393.161621 2770.099609
259 4036.397461 3995.764648
319 5967.844727 2809.852783
128 5484.664551 2042.279663
22 5453.697266 3124.907227
82 5797.310547 3556.992188
330 5846.095215 2824.342285
176 4228.990723 3182.865234
523 4035.549072 2212.810303
403 5141.899414 2615.544678
155 4614.177246 3613.835693
295 5477.877441 3812.973633
190 4577.694824 3903.625977
347 5894.455566 2518.576416
474 5232.257324 3247.882324
401 5349.764648 2439.441162
478 5587.324707 3830.063965
42 5597.081543 3523.18335
91 5760.828125 2807.252197
353 5865.608887 2511.145752
256 4380.01123 3960.469727