0 56 62 19.293741
1 415 417 31.746073
2 2 33 349.6546
3 1 2 64.19254
4 0 1 358.99017
5 117 130 499.3578
6 33 130 588.6696
7 33 72 128.98763
8 72 131 277.71622
9 131 132 374.50235
10 164 172 44.277126
11 164 165 15.208901
12 164 177 49.176754
13 157 164 49.845314
14 111 324 38.591576
15 111 318 20.711037
16 104 111 13.619306
17 355 356 26.860176
18 355 358 85.98902
19 355 357 30.768566
20 356 357 15.659405
21 125 358 87.19495
22 358 359 123.762955
23 362 363 18.903242
24 129 363 220.7258
25 124 129 110.23957
26 124 360 153.3071
27 125 128 59.853165
28 359 361 129.17294
29 359 360 119.04714
30 320 323 57.659374
31 97 323 66.177246
32 69 97 82.62614
33 18 40 97.63167
34 40 47 28.100012
35 40 63 90.52912
36 38 45 26.748816
37 45 50 35.29492
38 49 50 20.446867
39 38 49 38.792545
40 34 38 11.460127
41 31 34 17.166391
42 27 31 24.362158
43 31 42 48.401783
44 35 42 24.883423
45 25 35 48.949764
46 25 27 4.897492
47 18 25 33.085403
48 364 366 39.535625
49 364 365 15.909783
50 364 367 78.97846
51 345 367 91.03843
52 338 345 92.28808
53 338 348 114.25544
54 336 338 59.9814
55 386 390 23.099754
56 383 386 49.566715
57 386 388 11.925768
58 388 391 18.75774
59 390 391 15.97583
60 383 389 65.44117
61 381 383 12.976231
62 8 13 74.24608
63 8 9 14.499696
64 4 8 78.40853
65 47 60 53.628647
66 60 66 13.958524
67 66 78 32.225475
68 78 94 54.791065
69 94 312 116.24472
70 94 295 53.266068
71 342 352 70.4926
72 352 361 31.356121
73 352 472 70.95811
74 472 473 35.562714
75 326 329 20.327831
76 325 326 59.332527
77 326 328 16.542728
78 328 330 16.580418
79 329 330 16.058125
80 325 327 71.39534
81 319 325 85.81381
82 86 110 111.92152
83 110 311 44.763416
84 99 110 22.53822
85 90 99 21.11552
86 63 90 79.77407
87 63 75 42.288857
88 58 75 41.148926
89 47 58 51.183178
90 380 385 61.958633
91 376 380 84.311325
92 380 393 117.12073
93 400 406 53.26542
94 395 400 48.046787
95 393 400 97.0243
96 61 73 30.599882
97 20 61 180.03258
98 17 20 7.77901
99 20 22 5.210911
100 393 397 41.239502
101 397 404 31.403368
102 404 407 63.148994
103 407 408 45.124966
104 115 408 101.80041
105 408 412 117.76866
106 55 69 35.26534
107 16 55 177.12555
108 5 16 108.255424
109 1 5 215.09727
110 1 3 114.67121
111 6 11 61.607925
112 11 24 84.77857
113 24 32 42.553345
114 36 44 27.082264
115 44 53 48.295914
116 102 277 41.502552
117 89 102 37.122883
118 276 277 18.433931
119 91 331 134.49846
120 331 333 55.729004
121 327 331 92.29945
122 114 284 34.469967
123 114 297 70.82464
124 100 114 27.8144
125 53 100 133.74414
126 53 89 102.666435
127 415 423 139.80972
128 415 421 105.79204
129 413 415 37.63343
130 412 413 16.6484
131 71 80 20.578112
132 80 115 97.91283
133 41 51 49.76681
134 51 71 56.116787
135 22 41 95.22815
136 115 385 136.41624
137 392 405 79.84275
138 379 381 25.591005
139 376 379 63.621574
140 321 322 4.278169
141 95 474 93.64615
142 71 95 73.215965
143 366 372 116.75619
144 366 368 45.0586
145 368 369 25.203056
146 369 370 17.657621
147 106 370 35.63758
148 83 106 65.027
149 59 83 61.727222
150 41 59 75.881584
151 64 104 110.55892
152 62 82 50.91726
153 82 86 43.639812
154 310 311 14.63233
155 310 312 28.488434
156 291 295 57.472466
157 295 297 5.171635
158 280 284 54.541412
159 109 280 45.090946
160 89 109 50.374718
161 335 336 23.353203
162 334 335 42.730354
163 335 337 60.761013
164 337 341 64.784515
165 341 344 45.992607
166 344 367 106.28798
167 77 86 23.400604
168 70 77 21.952084
169 45 70 84.85579
170 13 18 21.813902
171 350 353 4.494953
172 347 350 26.170391
173 353 354 8.36266
174 354 475 8.875147
175 475 476 13.958316
176 353 476 17.406076
177 340 347 81.40419
178 394 401 54.99263
179 387 394 52.04134
180 382 387 57.61166
181 377 382 69.86585
182 374 377 60.535927
183 371 374 66.543724
184 365 371 121.70913
185 287 292 67.91062
186 283 287 73.859276
187 287 290 44.240532
188 290 291 21.276672
189 396 399 14.44246
190 392 396 42.860203
191 396 402 19.92489
192 399 402 14.489502
193 389 392 31.04712
194 319 321 34.33019
195 348 394 100.18672
196 333 334 100.442024
197 333 339 230.38524
198 389 398 79.01266
199 398 403 20.757212
200 398 403 20.757212
201 23 29 43.00649
202 13 23 30.522339
203 283 284 93.36832
204 368 375 129.74753
205 59 74 37.3251
206 74 88 38.880833
207 88 101 38.81722
208 101 477 54.63626
209 106 477 45.229416
210 62 64 4.764472
211 46 56 49.712723
212 9 46 199.37654
213 3 4 45.229416
214 3 7 111.07486
215 3 6 101.294624
216 478 479 12.695814
217 294 478 36.12783
218 292 294 54.408306
219 292 296 56.875072
220 411 414 48.778057
221 411 421 159.29001
222 410 411 30.395945
223 409 410 16.956472
224 395 409 225.43422
225 384 395 96.31431
226 378 384 72.03908
227 376 378 43.30939
228 373 376 52.86152
229 371 373 48.411705
230 98 372 49.772144
231 69 98 84.87515
232 69 91 66.8319
233 327 332 125.93371
234 91 327 117.11277
235 19 28 49.203926
236 5 19 120.04201
237 5 17 112.59
238 17 43 114.56971
242 480 481 12.194708
243 480 482 39.36094
244 121 126 130.57326
245 339 342 63.85111
246 126 339 155.09215
247 339 343 75.49009
248 340 343 100.859314
249 343 482 77.2198
250 346 482 106.23964
251 340 346 80.14891
252 123 127 103.276596
253 127 361 18.014097
254 349 351 8.458703
255 342 349 61.829365
256 123 483 130.05783
257 314 315 11.218153
258 313 314 9.696874
259 279 314 285.55048
260 278 279 13.89285
261 278 283 78.21607
262 303 306 60.359035
263 306 307 17.112253
264 307 309 162.27493
265 296 316 140.4858
266 316 317 46.967686
267 315 316 57.775433
268 299 300 21.154238
269 300 302 59.128536
270 300 301 26.763214
271 299 301 21.42834
272 302 303 30.808416
273 303 304 32.67372
274 304 305 26.463558
275 305 308 24.518944
276 296 309 196.7204
277 309 310 17.41568
278 92 301 99.2267
279 62 92 84.31831
280 223 226 12.157878
281 212 223 42.88902
282 223 226 12.157878
283 484 485 11.508195
284 484 486 20.236317
285 486 488 19.107239
286 487 488 21.152817
287 440 443 43.58361
288 457 463 58.136673
289 469 470 30.624683
290 466 469 51.904697
291 248 466 95.93064
292 456 466 77.2547
293 498 499 50.569355
294 499 500 67.33169
295 248 499 127.90651
296 500 504 44.66781
297 500 501 15.25626
298 243 523 147.3648
299 235 243 116.126175
300 231 256 27.172289
301 250 256 147.69426
302 256 264 84.89923
303 224 264 44.53063
304 224 267 130.32597
305 204 224 88.55156
306 224 497 48.274155
307 496 497 54.986084
308 495 496 14.392822
309 494 496 19.603523
310 462 465 17.45595
311 457 462 44.194744
312 454 457 30.97934
313 453 454 13.338222
314 452 453 19.236153
315 450 452 21.068743
316 446 450 35.831074
317 441 446 60.695683
318 441 444 45.872498
319 431 441 134.77203
320 203 216 69.06656
321 216 218 5.459297
322 199 216 114.611725
323 249 250 13.81523
324 6 10 57.04685
325 10 21 96.67709
326 10 14 44.933216
327 14 30 75.407074
328 26 30 32.450565
329 505 506 10.406304
330 234 505 47.433914
331 506 507 13.533658
332 227 234 21.951464
333 217 227 46.80429
334 209 217 22.082647
335 209 233 86.93135
336 188 209 158.75508
338 250 251 22.495182
339 427 434 101.890915
340 208 434 165.6757
341 434 437 25.93944
342 437 440 34.263012
343 440 442 37.759735
344 442 445 25.939968
345 445 448 26.26029
346 182 197 108.53711
347 197 201 4.202058
348 201 202 8.235494
349 182 187 39.43452
350 169 182 35.941624
351 166 168 19.903366
352 168 174 21.773565
353 168 175 22.671515
354 175 205 176.1449
355 205 220 52.58432
356 195 231 178.24583
357 160 166 40.531635
358 174 183 18.631716
359 137 139 39.495373
360 135 137 25.739384
361 133 135 57.727016
362 135 138 61.439346
363 133 149 203.35406
364 132 133 83.15216
365 215 428 86.21702
366 215 423 159.03003
367 193 215 148.94058
368 425 428 53.69077
369 211 425 152.18231
370 417 425 126.77801
371 298 456 302.3456
372 431 439 98.31755
373 439 456 203.34212
374 76 423 223.5574
375 76 200 147.52354
376 67 76 26.319645
377 57 67 27.080353
378 21 57 163.79033
379 12 21 51.433044
380 21 26 28.816807
381 26 39 61.86468
382 32 36 12.083213
383 32 39 203.55258
384 124 471 170.58432
385 420 431 147.00288
386 144 146 6.372676
387 146 153 65.785126
388 146 155 82.738556
389 155 165 73.35965
390 172 184 26.82245
391 184 189 21.686232
392 189 192 21.634766
393 192 196 39.47964
394 196 206 73.059364
395 206 214 35.20996
396 108 219 113.5017
397 214 219 13.574707
398 116 219 32.590042
399 105 116 25.246004
400 93 105 27.262272
401 79 87 23.305746
402 68 79 27.44636
403 54 68 36.860134
404 48 54 34.40919
405 48 108 181.27507
406 39 48 32.415646
407 251 255 67.06294
408 251 252 15.747507
409 252 254 12.260498
410 254 261 137.29002
411 261 262 15.695987
412 262 263 24.05369
413 263 267 72.69351
414 263 268 81.15704
415 87 93 24.054691
416 93 113 42.7695
417 103 113 28.83737
418 103 107 4.619436
419 87 103 48.50854
420 435 436 11.070653
421 432 435 74.78384
422 436 438 4.108882
423 427 432 37.917786
424 424 427 54.85053
425 190 204 116.191666
426 204 210 35.2963
427 210 225 53.61561
428 225 493 50.73391
429 491 493 24.727417
430 489 491 40.069416
431 485 489 34.86817
432 484 487 27.643179
433 487 490 44.802944
434 490 492 26.444536
435 271 492 30.473528
436 267 271 70.06468
437 7 12 63.221565
438 7 15 93.931915
439 214 222 26.006836
440 221 222 17.832205
441 200 221 108.669044
442 150 200 294.86514
443 263 266 15.343662
444 266 269 114.77687
445 108 509 38.81699
446 112 508 19.705145
447 96 112 35.28675
448 87 96 31.511026
449 451 458 98.290085
450 447 451 28.38178
451 451 471 393.9207
452 159 190 136.95497
453 190 195 51.101288
454 190 199 181.64653
455 268 270 51.91525
456 270 272 32.64048
457 429 430 7.923027
458 419 429 129.09785
459 418 419 29.34218
460 414 418 75.63908
461 418 420 32.847103
462 444 447 32.24677
463 447 459 129.3185
464 459 461 14.339971
465 461 464 17.700321
466 464 468 22.39219
467 255 257 87.41661
468 257 258 14.009515
469 428 433 83.39478
472 220 229 45.731277
473 220 228 38.660957
474 143 147 26.56521
475 147 151 28.98545
476 151 154 37.21333
477 154 156 22.464142
478 156 161 18.930202
479 161 167 43.740803
480 258 265 68.4082
481 258 260 10.716181
482 509 510 83.11503
483 213 509 149.00319
484 207 213 27.841124
485 203 207 35.830738
486 198 203 21.643303
487 158 181 109.66366
488 181 193 50.61936
489 493 495 48.068478
490 490 494 69.36604
491 193 211 141.69608
492 195 232 179.1365
493 212 232 87.57224
494 199 212 82.47095
495 173 199 130.63374
496 173 194 110.67645
497 159 173 138.48203
498 155 173 115.503365
499 183 191 48.845562
500 53 510 220.83647
501 259 260 17.96953
502 194 198 42.931393
503 186 194 49.454414
504 153 159 50.733982
505 420 424 55.50835
506 178 187 27.172768
507 160 169 64.00824
508 136 160 216.16849
509 286 288 36.474808
510 288 289 9.659668
511 289 293 49.44365
512 218 293 96.65329
513 218 510 196.41821
514 177 186 31.84609
515 150 157 68.79481
516 149 150 11.42322
517 149 158 84.350815
518 422 426 64.74975
519 416 422 121.46362
520 414 416 23.79355
521 12 37 132.5623
522 81 84 7.853035
523 65 81 43.963463
524 81 85 11.806159
525 84 85 3.95976
526 65 509 172.19225
527 142 148 35.910297
528 138 142 36.462677
529 170 171 12.357659
530 162 170 62.440575
531 170 176 16.060839
532 176 180 15.678115
533 171 180 15.935066
534 162 163 25.490639
535 145 162 128.39658
536 36 52 74.66162
537 52 65 34.758488
538 511 512 9.006809
539 208 511 140.59262
540 512 513 8.873988
541 188 208 152.95773
542 178 188 31.142328
543 163 178 59.70556
544 140 145 27.139105
545 136 140 65.949776
546 136 143 82.25699
547 134 136 31.286966
548 456 471 707.6828
549 281 285 42.829273
550 282 285 120.92486
551 285 286 131.94745
552 501 502 16.724134
553 501 503 20.234165
554 502 503 14.726388
555 241 248 112.528046
556 235 241 87.7552
557 241 242 17.196241
558 242 244 18.283737
559 244 246 11.063555
560 246 247 32.16193
561 247 515 165.7273
562 515 516 28.999392
563 516 517 108.703804
564 517 518 56.76369
565 233 518 61.32548
568 253 255 14.861084
569 143 152 72.85069
570 211 230 71.08021
571 179 185 15.975586
572 163 179 62.381817
573 132 134 133.22781
574 138 141 29.647898
575 141 144 24.973783
576 460 467 27.982359
577 455 460 56.987022
578 449 455 69.94963
579 444 449 47.04845
580 277 282 73.06924
581 520 521 119.77793
582 523 524 74.9531
583 522 523 52.086456
584 521 522 64.96489