0 5826.581055 3465.968262
1 5488.906738 3344.107666
2 5426.123047 3330.732666
3 5437.57666 3446.648926
4 5480.422363 3461.138428
5 5577.143555 3147.94165
6 5384.974121 3533.214355
7 5328.129883 3427.700928
8 5558.478027 3468.568848
9 5572.901367 3470.054932
10 5333.644531 3508.322266
11 5353.158203 3585.971191
12 5265.77002 3417.29834
13 5531.328125 3537.672852
14 5312.009277 3547.703857
15 5352.733887 3337.048584
16 5622.958496 3049.858887
17 5466.42334 3127.507812
18 5523.692383 3558.106689
19 5692.105469 3182.493652
20 5458.787598 3126.021729
21 5247.10498 3465.225098
22 5453.697266 3124.907227
23 5501.633301 3530.61377
24 5307.343262 3657.304199
25 5555.932617 3565.537109
26 5227.166504 3486.030518
27 5560.599121 3567.023438
28 5710.34668 3136.795898
29 5458.787598 3526.898438
30 5244.983887 3513.1521
31 5584.779297 3569.995605
32 5291.223145 3696.686035
33 5091.842285 3228.191406
34 5601.747559 3572.596191
35 5572.477051 3519.468018
36 5286.556641 3707.831787
37 5238.196289 3287.635498
38 5613.20166 3572.224609
39 5180.079102 3526.155518
40 5479.998535 3645.415283
41 5359.521484 3110.789062
42 5597.081543 3523.18335
43 5509.269043 3021.251221
44 5276.799805 3733.095459
45 5639.927246 3571.110107
46 5770.160645 3499.033936
47 5467.696289 3670.679199
48 5153.777832 3545.103271
49 5619.564941 3533.95752
50 5639.927246 3535.815186
51 5310.3125 3103.358643
52 5211.89502 3707.831787
53 5264.921875 3779.907959
54 5130.021484 3520.210938
55 5714.588867 2898.276123
56 5819.369629 3506.093018
57 5096.933105 3399.836426
58 5514.783691 3690.741455
59 5385.398438 3039.456055
60 5447.757812 3720.463623
61 5386.671387 3290.979248
62 5832.52002 3520.210938
63 5570.355957 3650.988281
64 5835.914062 3516.867188
65 5194.501953 3677.738037
66 5453.697266 3733.095459
67 5073.601074 3386.090088
68 5098.629883 3500.891602
69 5730.284668 2866.696289
70 5724.77002 3572.596191
71 5254.740723 3095.556641
72 4978.152832 3289.121826
73 5356.12793 3289.121826
74 5348.491699 3033.883301
75 5555.932617 3690.741455
76 5057.480957 3365.284668
77 5745.556152 3579.655273
78 5484.664551 3742.012207
79 5074.874023 3487.145264
80 5234.378418 3092.584229
81 5171.594727 3640.214111
82 5797.310547 3556.992188
83 5404.488281 2980.754883
84 5166.928223 3633.897949
85 5164.807129 3630.554199
86 5767.191406 3588.571777
87 5057.905273 3503.12085
88 5358.672852 2996.359131
89 5239.893066 3879.476807
90 5650.108398 3652.845947
91 5760.828125 2807.252197
92 5894.455566 3577.426025
93 5041.36084 3520.58252
94 5521.571289 3782.508545
95 5213.591797 3156.115234
96 5032.452148 3484.544434
97 5809.188477 2891.217041
98 5651.805176 2834.373535
99 5670.894531 3656.561035
100 5389.640625 3828.206299
101 5373.096191 2960.321045
102 5230.984375 3915.514893
103 5092.690918 3536.929688
104 5913.121094 3437.732178
105 5017.60498 3533.95752
106 5436.728516 2924.282959
107 5096.508789 3534.329102
108 5008.271973 3653.217529
109 5289.102051 3890.251221
110 5689.560059 3669.193115
111 5923.726074 3429.187012
112 4999.36377 3472.28418
113 5068.93457 3553.276855
114 5410.00293 3847.154053
115 5137.657715 3077.351807
116 4993.849121 3542.502686
117 5526.237793 2241.417725
121 5813.85498 2105.439209
123 5637.806152 2195.719971
124 5251.770996 2142.963379
125 5544.054688 2049.710205
126 5790.947266 2233.987305
127 5625.503906 2298.26123
128 5484.664551 2042.279663
129 5149.535645 2101.723877
130 5393.882812 2722.915771
131 4715.140137 3378.288086
132 4353.709961 3476.37085
133 4420.311523 3526.155518
134 4257.837402 3383.86084
135 4465.702148 3561.822021
136 4240.444336 3357.854004
137 4447.885254 3580.398193
138 4514.0625 3599.717529
139 4408.433594 3582.255859
140 4297.289062 3324.416748
141 4532.728027 3622.752197
142 4535.697754 3570.367188
143 4167.055664 3395.006592
144 4540.36377 3646.530029
145 4306.197754 3298.781494
146 4541.212402 3652.845947
147 4143.299316 3406.895508
148 4570.483398 3561.450439
149 4617.570801 3476.742432
150 4628.600586 3473.770264
151 4138.633301 3435.50293
152 4205.234863 3457.051514
153 4548.423828 3718.234619
154 4140.754395 3472.655762
155 4614.177246 3613.835693
156 4150.086914 3493.0896
157 4651.083984 3538.787354
158 4609.510742 3392.777588
159 4556.060059 3768.390625
160 4118.270996 3179.521484
161 4164.510254 3505.350098
162 4290.501953 3171.3479
163 4287.10791 3146.084229
164 4690.535645 3569.252441
165 4676.536621 3575.197021
166 4095.363281 3146.084229
167 4131.421387 3533.95752
168 4078.394775 3156.486816
169 4159.84375 3130.851562
170 4234.081543 3198.0979
171 4223.051758 3203.670654
172 4731.68457 3552.905273
173 4680.778809 3708.203369
174 4060.153564 3168.375732
175 4092.393799 3174.320068
176 4228.990723 3182.865234
177 4729.13916 3599.717529
178 4253.595215 3096.671143
179 4343.104492 3118.591064
180 4214.991699 3189.924316
181 4599.753906 3283.548828
182 4191.660156 3114.132812
183 4049.972412 3183.979736
184 4757.561523 3545.846436
185 4343.104492 3102.615479
186 4754.167969 3619.408447
187 4226.445312 3095.556641
188 4276.078613 3075.122559
189 4779.196777 3544.360352
190 4577.694824 3903.625977
191 4006.702637 3206.642822
192 4800.831543 3544.360352
193 4647.266113 3266.087158
194 4780.893555 3661.019531
195 4585.330566 3954.153564
196 4840.283203 3545.846436
197 4133.118164 3022.737305
198 4804.225098 3697.057617
199 4741.01709 3824.119385
200 4914.520996 3401.694092
201 4130.573242 3019.393555
202 4126.331055 3012.334717
203 4813.981934 3716.376953
204 4468.247559 3864.615723
205 4088.575928 3350.423584
206 4913.248047 3549.561523
207 4847.070801 3702.630371
208 4380.435059 2963.293213
209 4181.902832 2947.317627
210 4475.458984 3830.063965
211 4571.331543 3146.455566
212 4767.742676 3902.139893
213 4873.796387 3694.828369
214 4948.458008 3549.561523
215 4789.377441 3221.503906
216 4845.79834 3777.678711
217 4202.265137 2938.772461
218 4848.343262 3782.508545
219 4962.032715 3549.561523
220 4041.488037 3373.82959
221 4943.367188 3506.4646
222 4948.458008 3523.554688
223 4810.164062 3908.456055
224 4385.101562 3834.150635
225 4468.247559 3776.935547
226 4820.769531 3902.511475
227 4237.475098 2907.935791
228 4062.69873 3406.152588
229 4000.763672 3394.635254
230 4503.033203 3166.146484
231 4407.160645 3959.35498
232 4760.955566 3989.44873
233 4130.148926 2877.470703
234 4259.109863 2904.220459
235 4070.334717 2473.993164
241 4149.662598 2436.468994
242 4156.025879 2452.44458
243 4055.487305 2358.820068
244 4154.329102 2470.649414
246 4149.662598 2480.680664
247 4136.512207 2510.03125
248 4251.474121 2388.542236
249 4227.718262 3977.931396
250 4232.384277 3964.927979
251 4209.901367 3965.670898
252 4212.022461 3950.066895
253 4142.875488 3982.76123
254 4212.022461 3937.806396
255 4142.875488 3967.900146
256 4380.01123 3960.469727
257 4055.487305 3970.129395
258 4042.33667 3974.959229
259 4036.397461 3995.764648
260 4032.155518 3978.302979
261 4184.448242 3803.313965
262 4186.14502 3787.709961
263 4194.205078 3765.046875
264 4370.253906 3876.133057
265 4044.881836 3906.598389
266 4198.022949 3750.185791
267 4262.503906 3789.938965
268 4117.84668 3737.553955
269 4173.842773 3637.984863
270 4066.092529 3741.640625
271 4286.684082 3724.178955
272 4040.639648 3762.074707
276 5215.712891 3973.473145
277 5220.379395 3955.639648
278 5489.755371 3993.906982
279 5502.481445 3988.333984
280 5334.068848 3893.594971
281 5034.573242 3994.278564
282 5148.687012 3941.521729
283 5452.424316 3925.174561
284 5380.732422 3865.358887
285 5028.210449 3951.924561
286 4896.703613 3962.69873
287 5526.237793 3922.573975
288 4904.339844 3927.032227
289 4904.339844 3917.372559
290 5520.298828 3878.733887
291 5512.23877 3859.042969
292 5594.111816 3920.344727
293 4887.371094 3870.931885
294 5589.869629 3866.102051
295 5477.877441 3812.973633
296 5650.956543 3918.487061
297 5473.210938 3815.202881
298 4383.404785 2014.043701
299 5983.540527 3658.790283
300 5966.571777 3671.422119
301 5967.42041 3644.672363
302 5915.242188 3700.772705
303 5889.364746 3717.491455
304 5876.638672 3747.584961
305 5878.759766 3773.963379
306 5829.975098 3728.265625
307 5821.490723 3713.404785
308 5883.001953 3798.112549
309 5659.440918 3721.949707
310 5646.714355 3710.061035
311 5658.592285 3701.515869
312 5623.382812 3726.408203
313 5788.826172 3992.420898
314 5787.977539 3982.76123
315 5786.705078 3971.615479
316 5791.371582 3914.028809
317 5795.189453 3867.216553
318 5939.846191 3416.183594
319 5967.844727 2809.852783
320 5931.786133 2879.328369
321 5994.569824 2788.304443
322 5996.690918 2784.589111
323 5875.365723 2891.217041
324 5952.572754 3454.82251
325 5897.424805 2760.811523
326 5870.275391 2813.568115
327 5838.883301 2719.943604
328 5854.155273 2809.852783
329 5860.518555 2831.401367
330 5846.095215 2824.342285
331 5759.555664 2672.759766
332 5916.938965 2621.117432
333 5759.555664 2617.030762
334 5661.137695 2596.968262
335 5619.98877 2585.450928
336 5597.505859 2579.13501
337 5601.747559 2643.40918
338 5540.236816 2561.301758
339 5763.797363 2386.68457
340 5930.089355 2445.385742
341 5597.505859 2708.054688
342 5706.528809 2358.448486
343 5835.06543 2411.57666
344 5577.143555 2749.294189
345 5509.269043 2648.239014
346 5962.753906 2372.195068
347 5894.455566 2518.576416
348 5431.213867 2527.121338
349 5714.588867 2297.146729
350 5869.851074 2509.659668
351 5720.952148 2291.57373
352 5643.320801 2327.240234
353 5865.608887 2511.145752
354 5857.548828 2513.375
355 5446.061035 2100.609375
356 5421.456543 2089.834961
357 5415.517578 2104.324463
358 5524.964844 2134.789795
359 5499.512207 2255.907227
360 5392.610352 2203.521973
361 5615.322754 2313.122314
362 4924.277832 2019.988159
363 4942.094727 2026.304077
364 5447.757812 2806.509033
365 5432.062012 2803.908447
366 5486.785645 2812.825195
367 5472.362305 2731.460938
368 5473.635254 2855.922119
369 5466.42334 2880.071289
370 5455.817871 2894.189209
371 5310.736816 2794.248779
372 5602.171875 2830.658447
373 5262.376465 2796.478027
374 5300.555664 2728.488525
375 5600.899414 2881.185791
376 5211.046387 2809.109863
377 5319.221191 2670.9021
378 5167.776855 2810.967529
379 5207.652832 2745.578857
380 5203.410645 2893.074707
381 5213.591797 2720.686523
382 5333.644531 2602.54126
383 5216.561523 2708.054688
384 5096.084473 2803.908447
385 5197.47168 2954.748047
386 5167.352539 2702.110352
387 5335.341309 2544.95459
388 5163.110352 2713.256104
389 5232.257324 2644.523682
390 5144.444824 2699.137939
391 5144.444824 2715.11377
392 5239.893066 2614.430176
393 5086.327637 2890.102539
394 5337.038086 2492.940918
395 4999.788086 2805.766113
396 5282.73877 2613.31543
397 5086.327637 2931.342041
398 5154.20166 2632.263428
399 5297.162109 2612.57251
400 4996.394043 2853.692871
401 5349.764648 2439.441162
402 5297.162109 2627.062012
403 5141.899414 2615.544678
404 5080.388672 2962.178711
405 5250.498535 2535.294922
406 4992.576172 2906.821289
407 5053.663086 3019.393555
408 5037.118652 3061.376221
409 4774.530273 2814.682617
410 4757.98584 2818.397949
411 4729.563477 2829.172119
412 4920.884277 3042.428223
413 4904.339844 3044.285889
414 4704.11084 2787.561279
415 4868.281738 3055.060303
416 4682.05127 2796.478027
417 4838.162109 3065.091309
418 4664.234375 2723.287354
419 4691.808594 2713.256104
420 4646.841797 2695.422852
421 4813.133789 2964.779297
422 4592.54248 2878.585205
423 4941.246582 3174.320068
424 4605.268555 2732.203857
425 4716.836914 3101.872559
426 4533.57666 2905.335205
427 4567.089355 2771.585693
428 4744.411133 3147.94165
429 4820.769531 2719.200439
430 4827.557129 2723.287354
431 4569.210449 2570.590088
432 4536.970215 2748.551025
433 4669.749512 3185.094482
434 4495.821289 2844.404785
435 4497.518555 2685.02002
436 4500.063477 2674.24585
437 4476.307617 2827.314697
438 4500.487793 2670.158936
439 4517.456543 2486.996582
440 4456.369629 2799.450195
441 4683.324219 2498.885498
442 4432.61377 2770.099609
443 4489.882324 2771.585693
444 4722.775879 2475.479248
445 4413.099609 2753.009277
446 4721.503418 2546.069336
447 4750.350098 2458.760498
448 4393.161621 2770.099609
449 4696.474609 2436.468994
450 4743.5625 2574.305176
451 4774.530273 2443.899658
452 4754.167969 2592.51001
453 4761.379395 2610.343262
454 4764.349121 2623.34668
455 4667.204102 2372.937988
456 4408.433594 2315.351562
457 4761.379395 2654.18335
458 4739.320312 2352.132568
459 4830.102051 2560.558838
460 4614.601562 2394.858154
461 4836.889648 2573.190674
462 4717.26123 2651.582764
463 4819.49707 2655.669434
464 4830.102051 2589.537842
465 4699.868652 2650.09668
466 4338.437988 2348.045654
467 4597.208496 2372.937988
468 4832.223145 2611.829346
469 4326.560059 2297.518311
470 4296.016602 2299.747314
471 5112.20459 2241.046143
472 5614.898438 2392.257324
473 5589.869629 2417.52124
474 5232.257324 3247.882324
475 5849.48877 2509.659668
476 5855.427734 2497.027832
477 5393.882812 2909.793457
478 5587.324707 3830.063965
479 5586.051758 3817.432129
480 5826.157227 2322.4104
481 5815.127441 2317.208984
482 5861.791016 2339.12915
483 5757.010254 2247.733643
484 4388.919434 3650.988281
485 4400.373535 3652.102783
486 4384.25293 3631.297363
487 4361.77002 3656.189697
488 4365.587891 3635.384277
489 4429.644043 3671.050781
490 4326.984375 3684.425537
491 4453.824219 3703.001953
492 4306.197754 3700.772705
493 4460.611816 3726.779541
494 4380.435059 3728.637207
495 4413.523926 3736.439209
496 4399.524902 3733.095459
497 4399.524902 3788.081543
498 4195.901855 2263.709229
499 4246.383789 2260.737061
500 4242.989746 2193.490967
501 4242.141602 2178.258301
502 4241.717285 2161.539551
503 4227.293945 2164.511719
504 4198.447266 2196.834717
505 4284.987305 2943.973877
506 4290.92627 2952.519043
507 4280.745117 2961.435547
508 4980.698242 3465.968262
509 5022.695312 3689.255371
510 5044.330566 3769.505127
511 4303.652344 2845.519287
512 4298.562012 2838.088867
513 4307.046387 2835.488281
515 4133.54248 2675.731934
516 4162.38916 2678.704102
517 4176.8125 2786.446777
518 4128.452148 2816.168701
520 4132.27002 2072.373291
521 4015.186768 2097.637207
522 4028.761719 2161.167969
523 4035.549072 2212.810303
524 4108.937988 2197.577637