0 56 62 19.293741
1 402 404 31.746073
2 2 33 349.6546
3 1 2 64.19254
4 0 1 358.99017
5 117 126 499.3578
6 33 126 588.6696
7 33 72 128.98763
8 72 127 277.71622
9 127 128 374.50235
10 160 168 44.277126
11 160 161 15.208901
12 160 173 49.176754
13 153 160 49.845314
14 111 311 38.591576
15 111 305 20.711037
16 104 111 13.619306
17 342 343 26.860176
18 342 345 85.98902
19 342 344 30.768566
20 343 344 15.659405
21 121 345 87.19495
22 345 346 123.762955
23 349 350 18.903242
24 125 350 220.7258
25 120 125 110.23957
26 120 347 153.3071
27 121 124 59.853165
28 346 348 129.17294
29 346 347 119.04714
30 307 310 57.659374
31 97 310 66.177246
32 69 97 82.62614
33 18 40 97.63167
34 40 47 28.100012
35 40 63 90.52912
36 38 45 26.748816
37 45 50 35.29492
38 49 50 20.446867
39 38 49 38.792545
40 34 38 11.460127
41 31 34 17.166391
42 27 31 24.362158
43 31 42 48.401783
44 35 42 24.883423
45 25 35 48.949764
46 25 27 4.897492
47 18 25 33.085403
48 351 353 39.535625
49 351 352 15.909783
50 351 354 78.97846
51 332 354 91.03843
52 325 332 92.28808
53 325 335 114.25544
54 323 325 59.9814
55 373 377 23.099754
56 370 373 49.566715
57 373 375 11.925768
58 375 378 18.75774
59 377 378 15.97583
60 370 376 65.44117
61 368 370 12.976231
62 8 13 74.24608
63 8 9 14.499696
64 4 8 78.40853
65 47 60 53.628647
66 60 66 13.958524
67 66 78 32.225475
68 78 94 54.791065
69 94 299 116.24472
70 94 282 53.266068
71 329 339 70.4926
72 339 348 31.356121
73 339 459 70.95811
74 459 460 35.562714
75 313 316 20.327831
76 312 313 59.332527
77 313 315 16.542728
78 315 317 16.580418
79 316 317 16.058125
80 312 314 71.39534
81 306 312 85.81381
82 86 110 111.92152
83 110 298 44.763416
84 99 110 22.53822
85 90 99 21.11552
86 63 90 79.77407
87 63 75 42.288857
88 58 75 41.148926
89 47 58 51.183178
90 367 372 61.958633
91 363 367 84.311325
92 367 380 117.12073
93 387 393 53.26542
94 382 387 48.046787
95 380 387 97.0243
96 61 73 30.599882
97 20 61 180.03258
98 17 20 7.77901
99 20 22 5.210911
100 380 384 41.239502
101 384 391 31.403368
102 391 394 63.148994
103 394 395 45.124966
104 115 395 101.80041
105 395 399 117.76866
106 55 69 35.26534
107 16 55 177.12555
108 5 16 108.255424
109 1 5 215.09727
110 1 3 114.67121
111 6 11 61.607925
112 11 24 84.77857
113 24 32 42.553345
114 36 44 27.082264
115 44 53 48.295914
116 102 264 41.502552
117 89 102 37.122883
118 263 264 18.433931
119 91 318 134.49846
120 318 320 55.729004
121 314 318 92.29945
122 114 271 34.469967
123 114 284 70.82464
124 100 114 27.8144
125 53 100 133.74414
126 53 89 102.666435
127 402 410 139.80972
128 402 408 105.79204
129 400 402 37.63343
130 399 400 16.6484
131 71 80 20.578112
132 80 115 97.91283
133 41 51 49.76681
134 51 71 56.116787
135 22 41 95.22815
136 115 372 136.41624
137 379 392 79.84275
138 366 368 25.591005
139 363 366 63.621574
140 308 309 4.278169
141 95 461 93.64615
142 71 95 73.215965
143 353 359 116.75619
144 353 355 45.0586
145 355 356 25.203056
146 356 357 17.657621
147 106 357 35.63758
148 83 106 65.027
149 59 83 61.727222
150 41 59 75.881584
151 64 104 110.55892
152 62 82 50.91726
153 82 86 43.639812
154 297 298 14.63233
155 297 299 28.488434
156 278 282 57.472466
157 282 284 5.171635
158 267 271 54.541412
159 109 267 45.090946
160 89 109 50.374718
161 322 323 23.353203
162 321 322 42.730354
163 322 324 60.761013
164 324 328 64.784515
165 328 331 45.992607
166 331 354 106.28798
167 77 86 23.400604
168 70 77 21.952084
169 45 70 84.85579
170 13 18 21.813902
171 337 340 4.494953
172 334 337 26.170391
173 340 341 8.36266
174 341 462 8.875147
175 462 463 13.958316
176 340 463 17.406076
177 327 334 81.40419
178 381 388 54.99263
179 374 381 52.04134
180 369 374 57.61166
181 364 369 69.86585
182 361 364 60.535927
183 358 361 66.543724
184 352 358 121.70913
185 274 279 67.91062
186 270 274 73.859276
187 274 277 44.240532
188 277 278 21.276672
189 383 386 14.44246
190 379 383 42.860203
191 383 389 19.92489
192 386 389 14.489502
193 376 379 31.04712
194 306 308 34.33019
195 335 381 100.18672
196 320 321 100.442024
197 320 326 230.38524
198 376 385 79.01266
199 385 390 20.757212
200 385 390 20.757212
201 23 29 43.00649
202 13 23 30.522339
203 270 271 93.36832
204 355 362 129.74753
205 59 74 37.3251
206 74 88 38.880833
207 88 101 38.81722
208 101 464 54.63626
209 106 464 45.229416
210 62 64 4.764472
211 46 56 49.712723
212 9 46 199.37654
213 3 4 45.229416
214 3 7 111.07486
215 3 6 101.294624
216 465 466 12.695814
217 281 465 36.12783
218 279 281 54.408306
219 279 283 56.875072
220 398 401 48.778057
221 398 408 159.29001
222 397 398 30.395945
223 396 397 16.956472
224 382 396 225.43422
225 371 382 96.31431
226 365 371 72.03908
227 363 365 43.30939
228 360 363 52.86152
229 358 360 48.411705
230 98 359 49.772144
231 69 98 84.87515
232 69 91 66.8319
233 314 319 125.93371
234 91 314 117.11277
235 19 28 49.203926
236 5 19 120.04201
237 5 17 112.59
238 17 43 114.56971
239 467 468 12.194708
240 467 469 39.36094
241 118 122 130.57326
242 326 329 63.85111
243 122 326 155.09215
244 326 330 75.49009
245 327 330 100.859314
246 330 469 77.2198
247 333 469 106.23964
248 327 333 80.14891
249 119 123 103.276596
250 123 348 18.014097
251 336 338 8.458703
252 329 336 61.829365
253 119 470 130.05783
254 301 302 11.218153
255 300 301 9.696874
256 266 301 285.55048
257 265 266 13.89285
258 265 270 78.21607
259 290 293 60.359035
260 293 294 17.112253
261 294 296 162.27493
262 283 303 140.4858
263 303 304 46.967686
264 302 303 57.775433
265 286 287 21.154238
266 287 289 59.128536
267 287 288 26.763214
268 286 288 21.42834
269 289 290 30.808416
270 290 291 32.67372
271 291 292 26.463558
272 292 295 24.518944
273 283 296 196.7204
274 296 297 17.41568
275 92 288 99.2267
276 62 92 84.31831
277 219 222 12.157878
278 208 219 42.88902
279 219 222 12.157878
280 471 472 11.508195
281 471 473 20.236317
282 473 475 19.107239
283 474 475 21.152817
284 427 430 43.58361
285 444 450 58.136673
286 456 457 30.624683
287 453 456 51.904697
288 238 453 95.93064
289 443 453 77.2547
290 485 486 50.569355
291 486 487 67.33169
292 238 486 127.90651
293 487 491 44.66781
294 487 488 15.25626
295 234 508 147.3648
296 231 234 116.126175
297 227 246 27.172289
298 240 246 147.69426
299 246 254 84.89923
300 220 254 44.53063
301 220 257 130.32597
302 200 220 88.55156
303 220 484 48.274155
304 483 484 54.986084
305 482 483 14.392822
306 481 483 19.603523
307 449 452 17.45595
308 444 449 44.194744
309 441 444 30.97934
310 440 441 13.338222
311 439 440 19.236153
312 437 439 21.068743
313 433 437 35.831074
314 428 433 60.695683
315 428 431 45.872498
316 418 428 134.77203
317 199 212 69.06656
318 212 214 5.459297
319 195 212 114.611725
320 239 240 13.81523
321 6 10 57.04685
322 10 21 96.67709
323 10 14 44.933216
324 14 30 75.407074
325 26 30 32.450565
326 492 493 10.406304
327 230 492 47.433914
328 493 494 13.533658
329 223 230 21.951464
330 213 223 46.80429
331 205 213 22.082647
332 205 229 86.93135
333 184 205 158.75508
334 240 241 22.495182
335 414 421 101.890915
336 204 421 165.6757
337 421 424 25.93944
338 424 427 34.263012
339 427 429 37.759735
340 429 432 25.939968
341 432 435 26.26029
342 178 193 108.53711
343 193 197 4.202058
344 197 198 8.235494
345 178 183 39.43452
346 165 178 35.941624
347 162 164 19.903366
348 164 170 21.773565
349 164 171 22.671515
350 171 201 176.1449
351 201 216 52.58432
352 191 227 178.24583
353 156 162 40.531635
354 170 179 18.631716
355 133 135 39.495373
356 131 133 25.739384
357 129 131 57.727016
358 131 134 61.439346
359 129 145 203.35406
360 128 129 83.15216
361 211 415 86.21702
362 211 410 159.03003
363 189 211 148.94058
364 412 415 53.69077
365 207 412 152.18231
366 404 412 126.77801
367 285 443 302.3456
368 418 426 98.31755
369 426 443 203.34212
370 76 410 223.5574
371 76 196 147.52354
372 67 76 26.319645
373 57 67 27.080353
374 21 57 163.79033
375 12 21 51.433044
376 21 26 28.816807
377 26 39 61.86468
378 32 36 12.083213
379 32 39 203.55258
380 120 458 170.58432
381 407 418 147.00288
382 140 142 6.372676
383 142 149 65.785126
384 142 151 82.738556
385 151 161 73.35965
386 168 180 26.82245
387 180 185 21.686232
388 185 188 21.634766
389 188 192 39.47964
390 192 202 73.059364
391 202 210 35.20996
392 108 215 113.5017
393 210 215 13.574707
394 116 215 32.590042
395 105 116 25.246004
396 93 105 27.262272
397 79 87 23.305746
398 68 79 27.44636
399 54 68 36.860134
400 48 54 34.40919
401 48 108 181.27507
402 39 48 32.415646
403 241 245 67.06294
404 241 242 15.747507
405 242 244 12.260498
406 244 251 137.29002
407 251 252 15.695987
408 252 253 24.05369
409 253 257 72.69351
410 253 258 81.15704
411 87 93 24.054691
412 93 113 42.7695
413 103 113 28.83737
414 103 107 4.619436
415 87 103 48.50854
416 422 423 11.070653
417 419 422 74.78384
418 423 425 4.108882
419 414 419 37.917786
420 411 414 54.85053
421 186 200 116.191666
422 200 206 35.2963
423 206 221 53.61561
424 221 480 50.73391
425 478 480 24.727417
426 476 478 40.069416
427 472 476 34.86817
428 471 474 27.643179
429 474 477 44.802944
430 477 479 26.444536
431 261 479 30.473528
432 257 261 70.06468
433 7 12 63.221565
434 7 15 93.931915
435 210 218 26.006836
436 217 218 17.832205
437 196 217 108.669044
438 146 196 294.86514
439 253 256 15.343662
440 256 259 114.77687
441 108 496 38.81699
442 112 495 19.705145
443 96 112 35.28675
444 87 96 31.511026
445 438 445 98.290085
446 434 438 28.38178
447 438 458 393.9207
448 155 186 136.95497
449 186 191 51.101288
450 186 195 181.64653
451 258 260 51.91525
452 260 262 32.64048
453 416 417 7.923027
454 406 416 129.09785
455 405 406 29.34218
456 401 405 75.63908
457 405 407 32.847103
458 431 434 32.24677
459 434 446 129.3185
460 446 448 14.339971
461 448 451 17.700321
462 451 455 22.39219
463 245 247 87.41661
464 247 248 14.009515
465 415 420 83.39478
466 216 225 45.731277
467 216 224 38.660957
468 139 143 26.56521
469 143 147 28.98545
470 147 150 37.21333
471 150 152 22.464142
472 152 157 18.930202
473 157 163 43.740803
474 248 255 68.4082
475 248 250 10.716181
476 496 497 83.11503
477 209 496 149.00319
478 203 209 27.841124
479 199 203 35.830738
480 194 199 21.643303
481 154 177 109.66366
482 177 189 50.61936
483 480 482 48.068478
484 477 481 69.36604
485 189 207 141.69608
486 191 228 179.1365
487 208 228 87.57224
488 195 208 82.47095
489 169 195 130.63374
490 169 190 110.67645
491 155 169 138.48203
492 151 169 115.503365
493 179 187 48.845562
494 53 497 220.83647
495 249 250 17.96953
496 190 194 42.931393
497 182 190 49.454414
498 149 155 50.733982
499 407 411 55.50835
500 174 183 27.172768
501 156 165 64.00824
502 132 156 216.16849
503 273 275 36.474808
504 275 276 9.659668
505 276 280 49.44365
506 214 280 96.65329
507 214 497 196.41821
508 173 182 31.84609
509 146 153 68.79481
510 145 146 11.42322
511 145 154 84.350815
512 409 413 64.74975
513 403 409 121.46362
514 401 403 23.79355
515 12 37 132.5623
516 81 84 7.853035
517 65 81 43.963463
518 81 85 11.806159
519 84 85 3.95976
520 65 496 172.19225
521 138 144 35.910297
522 134 138 36.462677
523 166 167 12.357659
524 158 166 62.440575
525 166 172 16.060839
526 172 176 15.678115
527 167 176 15.935066
528 158 159 25.490639
529 141 158 128.39658
530 36 52 74.66162
531 52 65 34.758488
532 498 499 9.006809
533 204 498 140.59262
534 499 500 8.873988
535 184 204 152.95773
536 174 184 31.142328
537 159 174 59.70556
538 136 141 27.139105
539 132 136 65.949776
540 132 139 82.25699
541 130 132 31.286966
542 443 458 707.6828
543 268 272 42.829273
544 269 272 120.92486
545 272 273 131.94745
546 488 489 16.724134
547 488 490 20.234165
548 489 490 14.726388
549 232 238 112.528046
550 231 232 87.7552
551 232 233 17.196241
552 233 235 18.283737
553 235 236 11.063555
554 236 237 32.16193
555 237 501 165.7273
556 501 502 28.999392
557 502 503 108.703804
558 503 504 56.76369
559 229 504 61.32548
560 243 245 14.861084
561 139 148 72.85069
562 207 226 71.08021
563 175 181 15.975586
564 159 175 62.381817
565 128 130 133.22781
566 134 137 29.647898
567 137 140 24.973783
568 447 454 27.982359
569 442 447 56.987022
570 436 442 69.94963
571 431 436 47.04845
572 264 269 73.06924
573 505 506 119.77793
574 508 509 74.9531
575 507 508 52.086456
576 506 507 64.96489