0 5826.581055 3465.968262
1 5488.906738 3344.107666
2 5426.123047 3330.732666
3 5437.57666 3446.648926
4 5480.422363 3461.138428
5 5577.143555 3147.94165
6 5384.974121 3533.214355
7 5328.129883 3427.700928
8 5558.478027 3468.568848
9 5572.901367 3470.054932
10 5333.644531 3508.322266
11 5353.158203 3585.971191
12 5265.77002 3417.29834
13 5531.328125 3537.672852
14 5312.009277 3547.703857
15 5352.733887 3337.048584
16 5622.958496 3049.858887
17 5466.42334 3127.507812
18 5523.692383 3558.106689
19 5692.105469 3182.493652
20 5458.787598 3126.021729
21 5247.10498 3465.225098
22 5453.697266 3124.907227
23 5501.633301 3530.61377
24 5307.343262 3657.304199
25 5555.932617 3565.537109
26 5227.166504 3486.030518
27 5560.599121 3567.023438
28 5710.34668 3136.795898
29 5458.787598 3526.898438
30 5244.983887 3513.1521
31 5584.779297 3569.995605
32 5291.223145 3696.686035
33 5091.842285 3228.191406
34 5601.747559 3572.596191
35 5572.477051 3519.468018
36 5286.556641 3707.831787
37 5238.196289 3287.635498
38 5613.20166 3572.224609
39 5180.079102 3526.155518
40 5479.998535 3645.415283
41 5359.521484 3110.789062
42 5597.081543 3523.18335
43 5509.269043 3021.251221
44 5276.799805 3733.095459
45 5639.927246 3571.110107
46 5770.160645 3499.033936
47 5467.696289 3670.679199
48 5153.777832 3545.103271
49 5619.564941 3533.95752
50 5639.927246 3535.815186
51 5310.3125 3103.358643
52 5211.89502 3707.831787
53 5264.921875 3779.907959
54 5130.021484 3520.210938
55 5714.588867 2898.276123
56 5819.369629 3506.093018
57 5096.933105 3399.836426
58 5514.783691 3690.741455
59 5385.398438 3039.456055
60 5447.757812 3720.463623
61 5386.671387 3290.979248
62 5832.52002 3520.210938
63 5570.355957 3650.988281
64 5835.914062 3516.867188
65 5194.501953 3677.738037
66 5453.697266 3733.095459
67 5073.601074 3386.090088
68 5098.629883 3500.891602
69 5730.284668 2866.696289
70 5724.77002 3572.596191
71 5254.740723 3095.556641
72 4978.152832 3289.121826
73 5356.12793 3289.121826
74 5348.491699 3033.883301
75 5555.932617 3690.741455
76 5057.480957 3365.284668
77 5745.556152 3579.655273
78 5484.664551 3742.012207
79 5074.874023 3487.145264
80 5234.378418 3092.584229
81 5171.594727 3640.214111
82 5797.310547 3556.992188
83 5404.488281 2980.754883
84 5166.928223 3633.897949
85 5164.807129 3630.554199
86 5767.191406 3588.571777
87 5057.905273 3503.12085
88 5358.672852 2996.359131
89 5239.893066 3879.476807
90 5650.108398 3652.845947
91 5760.828125 2807.252197
92 5894.455566 3577.426025
93 5041.36084 3520.58252
94 5521.571289 3782.508545
95 5213.591797 3156.115234
96 5032.452148 3484.544434
97 5809.188477 2891.217041
98 5651.805176 2834.373535
99 5670.894531 3656.561035
100 5389.640625 3828.206299
101 5373.096191 2960.321045
102 5230.984375 3915.514893
103 5092.690918 3536.929688
104 5913.121094 3437.732178
105 5017.60498 3533.95752
106 5436.728516 2924.282959
107 5096.508789 3534.329102
108 5008.271973 3653.217529
109 5289.102051 3890.251221
110 5689.560059 3669.193115
111 5923.726074 3429.187012
112 4999.36377 3472.28418
113 5068.93457 3553.276855
114 5410.00293 3847.154053
115 5137.657715 3077.351807
116 4993.849121 3542.502686
117 5526.237793 2241.417725
118 5813.85498 2105.439209
119 5637.806152 2195.719971
120 5251.770996 2142.963379
121 5544.054688 2049.710205
122 5790.947266 2233.987305
123 5625.503906 2298.26123
124 5484.664551 2042.279663
125 5149.535645 2101.723877
126 5393.882812 2722.915771
127 4715.140137 3378.288086
128 4353.709961 3476.37085
129 4420.311523 3526.155518
130 4257.837402 3383.86084
131 4465.702148 3561.822021
132 4240.444336 3357.854004
133 4447.885254 3580.398193
134 4514.0625 3599.717529
135 4408.433594 3582.255859
136 4297.289062 3324.416748
137 4532.728027 3622.752197
138 4535.697754 3570.367188
139 4167.055664 3395.006592
140 4540.36377 3646.530029
141 4306.197754 3298.781494
142 4541.212402 3652.845947
143 4143.299316 3406.895508
144 4570.483398 3561.450439
145 4617.570801 3476.742432
146 4628.600586 3473.770264
147 4138.633301 3435.50293
148 4205.234863 3457.051514
149 4548.423828 3718.234619
150 4140.754395 3472.655762
151 4614.177246 3613.835693
152 4150.086914 3493.0896
153 4651.083984 3538.787354
154 4609.510742 3392.777588
155 4556.060059 3768.390625
156 4118.270996 3179.521484
157 4164.510254 3505.350098
158 4290.501953 3171.3479
159 4287.10791 3146.084229
160 4690.535645 3569.252441
161 4676.536621 3575.197021
162 4095.363281 3146.084229
163 4131.421387 3533.95752
164 4078.394775 3156.486816
165 4159.84375 3130.851562
166 4234.081543 3198.0979
167 4223.051758 3203.670654
168 4731.68457 3552.905273
169 4680.778809 3708.203369
170 4060.153564 3168.375732
171 4092.393799 3174.320068
172 4228.990723 3182.865234
173 4729.13916 3599.717529
174 4253.595215 3096.671143
175 4343.104492 3118.591064
176 4214.991699 3189.924316
177 4599.753906 3283.548828
178 4191.660156 3114.132812
179 4049.972412 3183.979736
180 4757.561523 3545.846436
181 4343.104492 3102.615479
182 4754.167969 3619.408447
183 4226.445312 3095.556641
184 4276.078613 3075.122559
185 4779.196777 3544.360352
186 4577.694824 3903.625977
187 4006.702637 3206.642822
188 4800.831543 3544.360352
189 4647.266113 3266.087158
190 4780.893555 3661.019531
191 4585.330566 3954.153564
192 4840.283203 3545.846436
193 4133.118164 3022.737305
194 4804.225098 3697.057617
195 4741.01709 3824.119385
196 4914.520996 3401.694092
197 4130.573242 3019.393555
198 4126.331055 3012.334717
199 4813.981934 3716.376953
200 4468.247559 3864.615723
201 4088.575928 3350.423584
202 4913.248047 3549.561523
203 4847.070801 3702.630371
204 4380.435059 2963.293213
205 4181.902832 2947.317627
206 4475.458984 3830.063965
207 4571.331543 3146.455566
208 4767.742676 3902.139893
209 4873.796387 3694.828369
210 4948.458008 3549.561523
211 4789.377441 3221.503906
212 4845.79834 3777.678711
213 4202.265137 2938.772461
214 4848.343262 3782.508545
215 4962.032715 3549.561523
216 4041.488037 3373.82959
217 4943.367188 3506.4646
218 4948.458008 3523.554688
219 4810.164062 3908.456055
220 4385.101562 3834.150635
221 4468.247559 3776.935547
222 4820.769531 3902.511475
223 4237.475098 2907.935791
224 4062.69873 3406.152588
225 4000.763672 3394.635254
226 4503.033203 3166.146484
227 4407.160645 3959.35498
228 4760.955566 3989.44873
229 4130.148926 2877.470703
230 4259.109863 2904.220459
231 4070.334717 2473.993164
232 4149.662598 2436.468994
233 4156.025879 2452.44458
234 4055.487305 2358.820068
235 4154.329102 2470.649414
236 4149.662598 2480.680664
237 4136.512207 2510.03125
238 4251.474121 2388.542236
239 4227.718262 3977.931396
240 4232.384277 3964.927979
241 4209.901367 3965.670898
242 4212.022461 3950.066895
243 4142.875488 3982.76123
244 4212.022461 3937.806396
245 4142.875488 3967.900146
246 4380.01123 3960.469727
247 4055.487305 3970.129395
248 4042.33667 3974.959229
249 4036.397461 3995.764648
250 4032.155518 3978.302979
251 4184.448242 3803.313965
252 4186.14502 3787.709961
253 4194.205078 3765.046875
254 4370.253906 3876.133057
255 4044.881836 3906.598389
256 4198.022949 3750.185791
257 4262.503906 3789.938965
258 4117.84668 3737.553955
259 4173.842773 3637.984863
260 4066.092529 3741.640625
261 4286.684082 3724.178955
262 4040.639648 3762.074707
263 5215.712891 3973.473145
264 5220.379395 3955.639648
265 5489.755371 3993.906982
266 5502.481445 3988.333984
267 5334.068848 3893.594971
268 5034.573242 3994.278564
269 5148.687012 3941.521729
270 5452.424316 3925.174561
271 5380.732422 3865.358887
272 5028.210449 3951.924561
273 4896.703613 3962.69873
274 5526.237793 3922.573975
275 4904.339844 3927.032227
276 4904.339844 3917.372559
277 5520.298828 3878.733887
278 5512.23877 3859.042969
279 5594.111816 3920.344727
280 4887.371094 3870.931885
281 5589.869629 3866.102051
282 5477.877441 3812.973633
283 5650.956543 3918.487061
284 5473.210938 3815.202881
285 4383.404785 2014.043701
286 5983.540527 3658.790283
287 5966.571777 3671.422119
288 5967.42041 3644.672363
289 5915.242188 3700.772705
290 5889.364746 3717.491455
291 5876.638672 3747.584961
292 5878.759766 3773.963379
293 5829.975098 3728.265625
294 5821.490723 3713.404785
295 5883.001953 3798.112549
296 5659.440918 3721.949707
297 5646.714355 3710.061035
298 5658.592285 3701.515869
299 5623.382812 3726.408203
300 5788.826172 3992.420898
301 5787.977539 3982.76123
302 5786.705078 3971.615479
303 5791.371582 3914.028809
304 5795.189453 3867.216553
305 5939.846191 3416.183594
306 5967.844727 2809.852783
307 5931.786133 2879.328369
308 5994.569824 2788.304443
309 5996.690918 2784.589111
310 5875.365723 2891.217041
311 5952.572754 3454.82251
312 5897.424805 2760.811523
313 5870.275391 2813.568115
314 5838.883301 2719.943604
315 5854.155273 2809.852783
316 5860.518555 2831.401367
317 5846.095215 2824.342285
318 5759.555664 2672.759766
319 5916.938965 2621.117432
320 5759.555664 2617.030762
321 5661.137695 2596.968262
322 5619.98877 2585.450928
323 5597.505859 2579.13501
324 5601.747559 2643.40918
325 5540.236816 2561.301758
326 5763.797363 2386.68457
327 5930.089355 2445.385742
328 5597.505859 2708.054688
329 5706.528809 2358.448486
330 5835.06543 2411.57666
331 5577.143555 2749.294189
332 5509.269043 2648.239014
333 5962.753906 2372.195068
334 5894.455566 2518.576416
335 5431.213867 2527.121338
336 5714.588867 2297.146729
337 5869.851074 2509.659668
338 5720.952148 2291.57373
339 5643.320801 2327.240234
340 5865.608887 2511.145752
341 5857.548828 2513.375
342 5446.061035 2100.609375
343 5421.456543 2089.834961
344 5415.517578 2104.324463
345 5524.964844 2134.789795
346 5499.512207 2255.907227
347 5392.610352 2203.521973
348 5615.322754 2313.122314
349 4924.277832 2019.988159
350 4942.094727 2026.304077
351 5447.757812 2806.509033
352 5432.062012 2803.908447
353 5486.785645 2812.825195
354 5472.362305 2731.460938
355 5473.635254 2855.922119
356 5466.42334 2880.071289
357 5455.817871 2894.189209
358 5310.736816 2794.248779
359 5602.171875 2830.658447
360 5262.376465 2796.478027
361 5300.555664 2728.488525
362 5600.899414 2881.185791
363 5211.046387 2809.109863
364 5319.221191 2670.9021
365 5167.776855 2810.967529
366 5207.652832 2745.578857
367 5203.410645 2893.074707
368 5213.591797 2720.686523
369 5333.644531 2602.54126
370 5216.561523 2708.054688
371 5096.084473 2803.908447
372 5197.47168 2954.748047
373 5167.352539 2702.110352
374 5335.341309 2544.95459
375 5163.110352 2713.256104
376 5232.257324 2644.523682
377 5144.444824 2699.137939
378 5144.444824 2715.11377
379 5239.893066 2614.430176
380 5086.327637 2890.102539
381 5337.038086 2492.940918
382 4999.788086 2805.766113
383 5282.73877 2613.31543
384 5086.327637 2931.342041
385 5154.20166 2632.263428
386 5297.162109 2612.57251
387 4996.394043 2853.692871
388 5349.764648 2439.441162
389 5297.162109 2627.062012
390 5141.899414 2615.544678
391 5080.388672 2962.178711
392 5250.498535 2535.294922
393 4992.576172 2906.821289
394 5053.663086 3019.393555
395 5037.118652 3061.376221
396 4774.530273 2814.682617
397 4757.98584 2818.397949
398 4729.563477 2829.172119
399 4920.884277 3042.428223
400 4904.339844 3044.285889
401 4704.11084 2787.561279
402 4868.281738 3055.060303
403 4682.05127 2796.478027
404 4838.162109 3065.091309
405 4664.234375 2723.287354
406 4691.808594 2713.256104
407 4646.841797 2695.422852
408 4813.133789 2964.779297
409 4592.54248 2878.585205
410 4941.246582 3174.320068
411 4605.268555 2732.203857
412 4716.836914 3101.872559
413 4533.57666 2905.335205
414 4567.089355 2771.585693
415 4744.411133 3147.94165
416 4820.769531 2719.200439
417 4827.557129 2723.287354
418 4569.210449 2570.590088
419 4536.970215 2748.551025
420 4669.749512 3185.094482
421 4495.821289 2844.404785
422 4497.518555 2685.02002
423 4500.063477 2674.24585
424 4476.307617 2827.314697
425 4500.487793 2670.158936
426 4517.456543 2486.996582
427 4456.369629 2799.450195
428 4683.324219 2498.885498
429 4432.61377 2770.099609
430 4489.882324 2771.585693
431 4722.775879 2475.479248
432 4413.099609 2753.009277
433 4721.503418 2546.069336
434 4750.350098 2458.760498
435 4393.161621 2770.099609
436 4696.474609 2436.468994
437 4743.5625 2574.305176
438 4774.530273 2443.899658
439 4754.167969 2592.51001
440 4761.379395 2610.343262
441 4764.349121 2623.34668
442 4667.204102 2372.937988
443 4408.433594 2315.351562
444 4761.379395 2654.18335
445 4739.320312 2352.132568
446 4830.102051 2560.558838
447 4614.601562 2394.858154
448 4836.889648 2573.190674
449 4717.26123 2651.582764
450 4819.49707 2655.669434
451 4830.102051 2589.537842
452 4699.868652 2650.09668
453 4338.437988 2348.045654
454 4597.208496 2372.937988
455 4832.223145 2611.829346
456 4326.560059 2297.518311
457 4296.016602 2299.747314
458 5112.20459 2241.046143
459 5614.898438 2392.257324
460 5589.869629 2417.52124
461 5232.257324 3247.882324
462 5849.48877 2509.659668
463 5855.427734 2497.027832
464 5393.882812 2909.793457
465 5587.324707 3830.063965
466 5586.051758 3817.432129
467 5826.157227 2322.4104
468 5815.127441 2317.208984
469 5861.791016 2339.12915
470 5757.010254 2247.733643
471 4388.919434 3650.988281
472 4400.373535 3652.102783
473 4384.25293 3631.297363
474 4361.77002 3656.189697
475 4365.587891 3635.384277
476 4429.644043 3671.050781
477 4326.984375 3684.425537
478 4453.824219 3703.001953
479 4306.197754 3700.772705
480 4460.611816 3726.779541
481 4380.435059 3728.637207
482 4413.523926 3736.439209
483 4399.524902 3733.095459
484 4399.524902 3788.081543
485 4195.901855 2263.709229
486 4246.383789 2260.737061
487 4242.989746 2193.490967
488 4242.141602 2178.258301
489 4241.717285 2161.539551
490 4227.293945 2164.511719
491 4198.447266 2196.834717
492 4284.987305 2943.973877
493 4290.92627 2952.519043
494 4280.745117 2961.435547
495 4980.698242 3465.968262
496 5022.695312 3689.255371
497 5044.330566 3769.505127
498 4303.652344 2845.519287
499 4298.562012 2838.088867
500 4307.046387 2835.488281
501 4133.54248 2675.731934
502 4162.38916 2678.704102
503 4176.8125 2786.446777
504 4128.452148 2816.168701
505 4132.27002 2072.373291
506 4015.186768 2097.637207
507 4028.761719 2161.167969
508 4035.549072 2212.810303
509 4108.937988 2197.577637